%run 6-2.py
x1=3.70156211872
x2=1.0
x3=-2.70156211872
